3
11 3
-100 -85 -98
-75 34 -94
-97 39 45
7 -85 85
-68 70 76
54 -34 -16
52 76 -58
7 92 27
26 35 -12
66 -20 4
-84 -85 -14
11 7
-75 -41 91 21 -47 -76 -82
81 79 -11 21 98 -79 -87
-60 -24 -65 -53 -80 -36 59
-68 54 27 84 89 -11 4
-89 42 -84 -32 55 -94 28
53 90 -75 65 -43 19 76
-57 88 -79 5 40 29 -43
82 -71 -68 -38 79 -4 32
-90 -87 82 -70 -1 -24 -17
35 -79 55 -51 1 78 -36
92 13 4 -82 -96 40 62
13 9
-45 99 -4 38 12 7 -72 54 37
-32 -76 -79 68 -29 -96 56 52 25
-68 -29 15 -40 -97 -47 91 6 -50
45 44 100 81 -71 -19 14 -49 -84
97 18 -85 3 -49 96 94 -98 -83
-81 69 0 90 -55 -88 11 -99 80
37 19 -60 42 39 -77 47 59 -19
-40 93 91 -91 82 -8 -55 96 -52
-41 -79 59 28 -85 -82 15 13 98
73 -42 32 -93 56 -66 53 -49 51
65 -9 37 31 -56 70 -96 59 37
4 49 89 -83 88 -12 -3 98 24
11 71 -22 -67 81 -62 2 -24 -62